11348282 602813224
11348282 4105420635
11348282 879153462
11348282 1907947747
11348282 3274746871
11348282 82853372
11348282 552582271
11348282 2313967848
11348282 62740714
11348282 2423365129
11348282 1109421360
11348282 3404297319
11348282 1895141923
11348282 1524976560
11348282 40426996
11348282 3447352888
11348282 3431790028
11348282 3221765772
11348282 495300028
11348282 3346063881
11348282 3073871212
11348282 3342152225
11348282 15113584
11348282 2997418453
11348282 1536791610
11348282 569247858
11348282 26572460
11348282 1533844754
11348282 2316155956
11348282 1024391197
11348282 198597135
11348282 386915587
11348282 2889490750
11348282 2819046883
11348282 208442526
11348282 174083824
11348282 1451773004
11348282 1580735160
11348282 537588875
11348282 2734713482
11348282 2734381938
11348282 253536357
11348282 391494900
11348282 437520768
11348282 1227517303
11348282 2562509436
11348282 135275592
11348282 2459541229
11348282 197137764
11348282 27950021
11348282 115689109
11348282 2543629379
11348282 2414313589
11348282 2317370365
11348282 390287262
11348282 2362715876
11348282 2325202999
11348282 2306083502
11348282 1006223725
11348282 87985010
11348282 242828495
11348282 2256638162
11348282 2228734814
11348282 160946337
11348282 351640699
11348282 1081962504
11348282 18774477
11348282 1467609360
11348282 1506369180
11348282 543582293
11348282 541158674
11348282 330921167
11348282 1115148079
11348282 35877766
11348282 351621695
11348282 95205463
11348282 488808813
11348282 1299995892
11348282 443818797
11348282 1136908292
11348282 145645192
11348282 36711678
11348282 997540122
11348282 14848513
11348282 225096128
11348282 523676772
11348282 49012699
11348282 402805486
11348282 204337132
11348282 407387443
11348282 32177485
11348282 244208830
11348282 17337554
11348282 390455433
11348282 537555179
11348282 15293735
11348282 429323592
11348282 467739426
11348282 492253390
11348282 347420129
11348282 14342564
11348282 374517706
11348282 516982665
11348282 484991854
11348282 369505837
11348282 459567050
11348282 403550586
11348282 408037622
11348282 186154646
11348282 132739600
11348282 23802472
11348282 299873174
11348282 80613575
11348282 54626053
11348282 86352195
11348282 193336046
11348282 229201135
11348282 19668026
11348282 310804819
11348282 394246259
11348282 370343849
11348282 370344674
11348282 375432180
11348282 20610232
11348282 257126470
11348282 137508423
11348282 300418156
11348282 329865729
11348282 318444623
11348282 243362336
11348282 42826039
11348282 222368253
11348282 180200031
11348282 433848788
11348282 430947942
11348282 425404298
11348282 376819015
11348282 41121600
11348282 290876018
11348282 297985585
11348282 19766517
11348282 86070159
11348282 21436960
11348282 337886919
11348282 336179304
11348282 82128258
11348282 15921684
11348282 277020058
11348282 275710913
11348282 274151347
11348282 284616690
11348282 174784400
11348282 266464616
11348282 86977818
11348282 15433973
11348282 207878118
11348282 225411266
11348282 168537920
11348282 219070649
11348282 211303345
11348282 143491086
11348282 80660928
11348282 39832918
11348282 133067266
11348282 19789439
11348282 236943811
11348282 178526634
11348282 34279124
11348282 16029857
11348282 93714983
11348282 103865085
11348282 17384099
11348282 18949742
11348282 238285207
11348282 104989762
11348282 173116059
11348282 190900848
11348282 216548653
11348282 188046098
11348282 189253902
11348282 52758395
11348282 76786777
11348282 183672041
11348282 150669405
11348282 161760542
11348282 159588456
11348282 153784150
11348282 33998183
11348282 33602654
11348282 127958577
11348282 29484239
11348282 123054759
11348282 104201057
11348282 104324908
11348282 87997739
11348282 107172099
11348282 78133467
11348282 41147062
11348282 16876667
11348282 70694567
11348282 15010658
11348282 18746273
11348282 60620992
11348282 26853548
11348282 15078840
11348282 18736652
11348282 20534308
11348282 24919888
11348282 44134466
11348282 62829259
11348282 85891683
11348282 91409081
11348282 87520051
11348282 65647594
11348282 67059584
11348282 52768208
11348282 23503181
11348282 29472803
11348282 23146711
11348282 14936377
11348282 22139698
11348282 12415722
11348282 50115087
11348282 43166813
11348282 41441873
11348282 44161500
11348282 42869411
11348282 19802879
11348282 34970516
11348282 30258963
11348282 30313925
11348282 28184452
11348282 25565646
11348282 20060293
11348282 18646280
11348282 16580226
11348282 18164420
11348282 17781165
11348282 18194898
11348282 14091091
11348282 15662569
11348282 15519544
11348282 15032736
11348282 15461733
11348282 15165493
11348282 15473958
11348282 15165502
11348282 15117459
11348282 15102849
11348282 13658842
11348282 15009735
11348282 13176312
11348282 14982625
11348282 14693823
11348282 14982575
11348282 14944532