874734542 14660096
874734542 50325797
874734542 89820928
874734542 2988003101
874734542 624774427
874734542 233985354
874734542 230450027
874734542 18881645
874734542 14780660
874734542 16129920
874734542 4207961
874734542 18622869
874734542 80617430
874734542 14529929
874734542 16789970
874734542 284089166
874734542 39245720
874734542 18916432
874734542 939091
874734542 392810019
874734542 2194529533
874734542 75896448
874734542 16930125
874734542 39155029
874734542 1281405877
874734542 2865560724
874734542 214007688
874734542 65691824
874734542 28181835
874734542 32521584
874734542 120180668
874734542 2856787757
874734542 268636316
874734542 7751892
874734542 17667706
874734542 119897487
874734542 3281853858
874734542 848430990
874734542 38224970
874734542 21925887
874734542 2975358273
874734542 147467535
874734542 49304503
874734542 1536791610
874734542 3056142064
874734542 81163402
874734542 15012486
874734542 8839632
874734542 1180379185
874734542 19417492
874734542 216776631
874734542 357606935
874734542 2991368880
874734542 2248872301
874734542 23871652
874734542 121817564
874734542 23022687
874734542 1074480192
874734542 3108351
874734542 9300262
874734542 20174209
874734542 23827692
874734542 216881337
874734542 15764644
874734542 14159148
874734542 1615463502
874734542 1057988498
874734542 278776049
874734542 33998183
874734542 28785486
874734542 14074515
874734542 15647676
874734542 17912982
874734542 66369181
874734542 73181712
874734542 33750798
874734542 58379000
874734542 16664681
874734542 15007149
874734542 29771100
874734542 34036028
874734542 113420831
874734542 369245377
874734542 26053643
874734542 50393960
874734542 970207298
874734542 1093090866
874734542 1330457336
874734542 1339835893
874734542 733751245
874734542 90484508
874734542 15745368
874734542 113047940
874734542 31183389
874734542 1394399438
874734542 16248209
874734542 226376452
874734542 14377605
874734542 11134252
874734542 930139483
874734542 335996055
874734542 369505837
874734542 30313925
874734542 9624742
874734542 15723995
874734542 15110357
874734542 2561597334
874734542 6017542
874734542 51241574
874734542 1140451
874734542 441389311
874734542 262732358
874734542 15108702
874734542 756151478
874734542 2189551761
874734542 14412844
874734542 473520695
874734542 19785281
874734542 25389599
874734542 15888142
874734542 49110693
874734542 1652541
874734542 143949701
874734542 57372267
874734542 386005715
874734542 58404120
874734542 61698330
874734542 598634480
874734542 1895763541
874734542 2293510999
874734542 2341961460
874734542 312941062
874734542 1186793557
874734542 707690593
874734542 857438430
874734542 22492599
874734542 335455570
874734542 49793110
874734542 267912413
874734542 264924050
874734542 16583685
874734542 16753660
874734542 19198755
874734542 169627574
874734542 1023371766
874734542 23087237
874734542 33057154
874734542 10437802
874734542 42726515
874734542 16250744
874734542 48075214
874734542 610935934
874734542 22658445
874734542 706128194
874734542 866952992
874734542 431719095
874734542 25294855
874734542 17159560
874734542 23911915
874734542 44177383
874734542 65707359
874734542 7914222
874734542 332611996
874734542 537644590
874734542 486801537
874734542 17487795
874734542 333574953
874734542 16370044
874734542 27794774
874734542 265538231
874734542 102822142
874734542 9564802
874734542 16494627
874734542 15391102
874734542 282747242
874734542 15956067
874734542 20508720
874734542 142721190
874734542 16326882
874734542 14987172
874734542 488882227
874734542 45031987
874734542 1080489397
874734542 568825492
874734542 178782325
874734542 25365536
874734542 255147323
874734542 883270110
874734542 139320534
874734542 22469870
874734542 342437582
874734542 409486555
874734542 69181624
874734542 108047888
874734542 872399774
874734542 16504652
874734542 357899328
874734542 22108722
874734542 26089178
874734542 50055701
874734542 282735852
874734542 312194997
874734542 51303245
874734542 285221492
874734542 17091862
874734542 565742377
874734542 563429026
874734542 546297907
874734542 17017636
874734542 15224867
874734542 23151437
874734542 15846407
874734542 21344507
874734542 8953122
874734542 24844300
874734542 707664638
874734542 108978203
874734542 202409459
874734542 879059880
874734542 59661432
874734542 454366639
874734542 124030963
874734542 61328063
874734542 529560948
874734542 21199000
874734542 14828812
874734542 183284897
874734542 16062247
874734542 209412311
874734542 413085194
874734542 266161439
874734542 140813308
874734542 182902654
874734542 46527110
874734542 16462068
874734542 15582489
874734542 21841737
874734542 323468251
874734542 807095
874734542 12811952
874734542 7313362
874734542 25985010
874734542 197594920
874734542 5392522
874734542 17448544
874734542 18648870
874734542 149307309
874734542 582608725
874734542 506121705
874734542 102473290
874734542 328539707
874734542 33059199
874734542 163576195
874734542 38295221
874734542 128922607
874734542 67191327
874734542 36948268
874734542 6211972
874734542 2467791
874734542 82192102
874734542 87229767