874734542
14660096
50325797
89820928
2988003101
624774427
233985354
230450027
18881645
14780660
16129920
4207961
18622869
80617430
14529929
16789970
284089166
39245720
18916432
939091
392810019
2194529533
75896448
16930125
39155029
1281405877
2865560724
214007688
65691824
28181835
32521584
120180668
2856787757
268636316
7751892
17667706
119897487
3281853858
848430990
38224970
21925887
2975358273
147467535
49304503
1536791610
3056142064
81163402
15012486
8839632
1180379185
19417492
216776631
357606935
2991368880
2248872301
23871652
121817564
23022687
1074480192
3108351
9300262
20174209
23827692
216881337
15764644
14159148
1615463502
1057988498
278776049
33998183
28785486
14074515
15647676
17912982
66369181
73181712
33750798
58379000
16664681
15007149
29771100
34036028
113420831
369245377
26053643
50393960
970207298
1093090866
1330457336
1339835893
733751245
90484508
15745368
113047940
31183389
1394399438
16248209
226376452
14377605
11134252
930139483
335996055
369505837
30313925
9624742
15723995
15110357
2561597334
6017542
51241574
1140451
441389311
262732358
15108702
756151478
2189551761
14412844
473520695
19785281
25389599
15888142
49110693
1652541
143949701
57372267
386005715
58404120
61698330
598634480
1895763541
2293510999
2341961460
312941062
1186793557
707690593
857438430
22492599
335455570
49793110
267912413
264924050
16583685
16753660
19198755
169627574
1023371766
23087237
33057154
10437802
42726515
16250744
48075214
610935934
22658445
706128194
866952992
431719095
25294855
17159560
23911915
44177383
65707359
7914222
332611996
537644590
486801537
17487795
333574953
16370044
27794774
265538231
102822142
9564802
16494627
15391102
282747242
15956067
20508720
142721190
16326882
14987172
488882227
45031987
1080489397
568825492
178782325
25365536
255147323
883270110
139320534
22469870
342437582
409486555
69181624
108047888
872399774
16504652
357899328
22108722
26089178
50055701
282735852
312194997
51303245
285221492
17091862
565742377
563429026
546297907
17017636
15224867
23151437
15846407
21344507
8953122
24844300
707664638
108978203
202409459
879059880
59661432
454366639
124030963
61328063
529560948
21199000
14828812
183284897
16062247
209412311
413085194
266161439
140813308
182902654
46527110
16462068
15582489
21841737
323468251
807095
12811952
7313362
25985010
197594920
5392522
17448544
18648870
149307309
582608725
506121705
102473290
328539707
33059199
163576195
38295221
128922607
67191327
36948268
6211972
2467791
82192102
87229767